    halt: 0.000000          1
   input: 0.000001       1962
    muli: 0.000064      98310
     mul: 0.000073     112017
    srli: 0.000073     112017
  output: 0.000108     166527
     jeq: 0.000116     179211
     sub: 0.000184     284265
    call: 0.000349     538622
   fsqrt: 0.000705    1088782
    fdiv: 0.001158    1788130
    fjeq: 0.002366    3652805
     jlt: 0.002511    3876650
   callR: 0.005476    8453021
  return: 0.005825    8991643
    subi: 0.007172   11070677
    fneg: 0.009551   14743797
       b: 0.011170   17242507
     fst: 0.016984   26216651
    fmov: 0.018387   28382141
    fadd: 0.028352   43764869
    fsub: 0.028932   44659529
    fjlt: 0.039917   61617178
    slli: 0.041536   64116791
    fmul: 0.052618   81223283
     add: 0.053354   82358792
      st: 0.054543   84194083
     jmp: 0.056075   86558225
    addi: 0.068270  105383683
     jne: 0.077293  119311586
     fld: 0.142099  219347271
      ld: 0.274738  424093094



  others: 0.789930 1219358497
     fpi: 0.139704  215650531
 special: 0.070257  108450603
      io: 0.000109     168489
