     mul: 0.046917         35
     add: 0.065684         49
     sub: 0.050938         38
    halt: 0.001340          1
  output: 0.001340          1
     jmp: 0.058981         44
    mvlo: 0.010724          8
    addi: 0.213137        159
     jeq: 0.016086         12
    mvhi: 0.010724          8
    subi: 0.085791         64
     jne: 0.038874         29
    muli: 0.004021          3
     jlt: 0.131367         98
     ldi: 0.050938         38
    slli: 0.008043          6
    srli: 0.040214         30
     sti: 0.058981         44

    call: 0.053619         40
  return: 0.053619         40

