output ./test.lst
simulate ./test

     ldi: 0.047253         43
     sti: 0.045055         41
    fldi: 0.043956         40
    fsti: 0.021978         20


CPU Simulator Results
cnt:910
g1_min: 524156(dec)
