CPU Simulator Results
cnt:26925881
g1_min: 523892(dec)
g2_max: 524284(dec)
simulate ..//../compiler/test/float
g1init: 524288(dec)
g2init: 0(dec)

    fadd: 0.004396          4
    fsub: 0.030769         28
    fmul: 0.009890          9
    fdiv: 0.013187         12
   fsqrt: 0.001099          1
    fmov: 0.067033         61
    fneg: 0.006593          6
    fldi: 0.043956         40
    fjeq: 0.003297          3
    fsti: 0.021978         20
    fjlt: 0.037363         34

CPU Simulator Results
cnt:120
