output ./test.lst
simulate ./test

     fld: 0.012016         36
     fst: 0.004005         12
      ld: 0.012016         36
      st: 0.002336          7
     ldi: 0.119159        357
     sti: 0.062417        187
    fldi: 0.011348         34
    fsti: 0.013685         41


CPU Simulator Results
cnt:2996
g1_min: 524136(dec)
