     fld: 0.000085     122701
    fadd: 0.041561   60117710
    fsub: 0.037986   54946431
    fmul: 0.081419  117770446
    fdiv: 0.001072    1551076
   fsqrt: 0.001519    2197699
    fmov: 0.009823   14208707
    fneg: 0.013020   18833228
     fld: 0.183533  265476567
    fjeq: 0.007981   11544148
     fst: 0.017040   24647387
    fjlt: 0.052860   76461215

      ld: 0.027812   40230157
      st: 0.000050      71959

   input: 0.000001       1137
  output: 0.000107     154757

     jne: 0.104856  151671845
    muli: 0.000068      98310
     jlt: 0.002415    3492766
     ldi: 0.107627  155680945
    slli: 0.060077   86899977
    srli: 0.000070     100834
     sti: 0.005777    8356570
    call: 0.011785   17046738
  return: 0.011785   17046738
     jmp: 0.073106  105745894
    addi: 0.100899  145947836
     jeq: 0.000104     151084
     mul: 0.000070     100834
     add: 0.032284   46698383
     sub: 0.000189     273079
    halt: 0.000000          1
    subi: 0.013019   18832295
